robot_start_utc=2026-04-22T13:23:54.3623191Z
robot_end_utc=2026-04-22T13:25:30.7478495Z
