robot_start_utc=2026-04-20T14:51:59.6863689Z
robot_end_utc=2026-04-20T14:52:00.9397980Z
