robot_start_utc=2026-04-20T16:02:58.8471159Z
robot_end_utc=2026-04-20T16:04:17.5392018Z
phase_start_utc=2026-04-20T16:25:37.8182047Z phase=normal improper_rate=0 duration_s=45
